sigma = [4 2; 2 3]
c = [0.2 0.8; 0.5 0.5; 0.7 0.3]
miu = [2 -1 1 0 0  2;       1  1 0 1 2 -2]
